333197
333198
363047
363047
363047
344331
444060
349003
444271
349003
444271
343254
443260
344332
444022
553278
344332
444022
553278
344058
444085
554052
344058
444085
554052
344058
444085
554052
344058
444085
554052
344058
444085
554052
344058
444085
554052
344058
444085
554052
344337
444204
344058
444085
554052
344201
444093
344201
444093
344201
344058
444085
554052
349037
349037
349037
349037
7440000
7440000
7440000
7440000
7440000
7440000
344203
444104
554136
344203
444104
554136
344203
444104
554136
344203
444104
554136
344203
444104
554136
344203
444104
554136
744003
344203
444104
554136
344203
444104
554136
344203
554136
344203
554136
349037
349037
349037
344203
554136
349037
349037
349037
349037
344493
554395
344493
554395
344493
554395
344493
554395
344493
554395
344493
554395
344493
554395
344493
554395
344493
554395
344493
554395
344493
554395
344493
554395
344493
554395
344493
554395
344493
554395
344493
554395
344493
554395
344493
554395
344493
554395
442055
442055
344332
444022
553278
344332
444022
553278
344332
444022
553278
343213
443149
553116
343213
443149
553116
343059
443336
553055
343059
443336
553055
343059
443336
553055
343060
443070
553249
343060
443070
553249
442055
343254
443260
343254
443260
343254
443260
344331
444060
344331
444060
343254
443260
343254
443260
343254
443260
344332
444022
553278
442055
442055
344058
444085
554052
344058
444085
554052
344058
444085
554052
365076
665037
365076
365076
365076
665037
365076
443280
553203
443280
553203
443280
553203
443280
553203
344058
444085
554052
344058
444085
554052
344337
444204
344337
444204
344058
444085
554052
344058
444085
554052
344058
444085
554052
344058
444085
554052
344058
444085
554052
344058
444085
554052
344058
444085
554052
344201
444093
344201
444093
344201
344201
344201
444093
344058
444085
554052
344058
444085
554052
443280
553203
343254
443260
343254
443260
344203
444104
554136
344203
444104
554136
344203
444104
554136
344203
444104
554136
344203
444104
554136
344203
444104
554136
344203
444104
554136
349037
349037
349037
349037
349037
349037
349037
7440000
7440000
7440000
7440000
7440000
7440000
7440000
343254
443260
344203
444104
554136
344203
444104
554136
344203
444104
554136
344203
444104
554136
344203
444104
554136
344203
444104
554136